MEME version 4

ALPHABET= ACDEFGHIKLMNPQRSTVWY

Background letter frequencies (from uniform background):
A 0.05000 C 0.05000 D 0.05000 E 0.05000 F 0.05000 G 0.05000 H 0.05000 I 0.05000 K 0.05000 L 0.05000 M 0.05000 N 0.05000 P 0.05000 Q 0.05000 R 0.05000 S 0.05000 T 0.05000 V 0.05000 W 0.05000 Y 0.05000 

MOTIF seqs 

letter-probability matrix: alength= 20 w= 8 nsites= 6333 E= 0
	0.447066439	  0.031670424	  0.019593977	  0.018396193	  0.018396193	  0.026380579	  0.018595929	  0.033466784	  0.018496061	  0.018396193	  0.018396193	  0.052030861	  0.046541911	  0.019394241	  0.018496061	  0.028876015	  0.053328513	  0.075585178	  0.018396193	  0.018496061	
	0.05	  0.05	  0.05	  0.05	  0.05	  0.05	  0.05	  0.05	  0.05	  0.05	  0.05	  0.05	  0.05	  0.05	  0.05	  0.05	  0.05	  0.05	  0.05	  0.05	
	0.04853857	  0.045905072	  0.045969895	  0.060759188	  0.061732187	  0.045956996	  0.049329918	  0.04770828	  0.052806688	  0.051223992	  0.046086724	  0.046566692	  0.04818833	  0.047461805	  0.051379682	  0.048785045	  0.053870472	  0.054376484	  0.045892091	  0.047461805	
	0	  0	  0	  0.020212	  0	  0	  0.000316	  0	  0	  0	  0	  0.000316	  0.000158	  0.978683	  0.000316	  0	  0	  0	  0	  0	
	0.007579	  0	  0	  0	  0	  0.879204	  0	  0	  0.000316	  0.000158	  0	  0.060793	  0	  0	  0.000316	  0.051476	  0	  0	  0.000158	  0	
	0.066326411	  0.036923598	  0.065830816	  0.065583149	  0.04051647	  0.036923598	  0.036923598	  0.059987495	  0.037543158	  0.069155099	  0.036964919	  0.046793405	  0.118648497	  0.040970483	  0.036923598	  0.03766686	  0.037171265	  0.055300389	  0.036923598	  0.036923598	
	0.047998911	  0.043764357	  0.045635474	  0.047861082	  0.043784065	  0.056290775	  0.043941602	  0.062278325	  0.046955022	  0.048117033	  0.043803772	  0.04535969	  0.069723253	  0.044118847	  0.045911133	  0.061845003	  0.050126105	  0.049318585	  0.043764357	  0.059402734	
	0.047890717	  0.047574252	  0.053508073	  0.052321329	  0.051142451	  0.048041033	  0.04783535	  0.048753079	  0.04868188	  0.048942978	  0.047748317	  0.048832246	  0.047590085	  0.052645711	  0.047708734	  0.050936769	  0.055185399	  0.053357757	  0.05351599	  0.047787851	
